.Random.seed <-
c(403L, 624L, -1090235671L, -2120926826L, -1845380321L, -1123915052L, 
-449818683L, 1266803138L, -247815589L, -930242080L, 1820524641L, 
-1941095762L, -2139040937L, 1161537452L, 536150205L, 150483034L, 
-108180973L, 1291470904L, -1571902247L, -1532989754L, 1759429263L, 
215093124L, -24895307L, -1507040782L, -1267353397L, 896682384L, 
-472827823L, 1186411998L, 609249479L, -1837301156L, -1449816147L, 
-188950902L, 1755762307L, 345179624L, -152010039L, 2013655030L, 
1508287999L, 1512038452L, -1440928347L, -497816030L, 1852795707L, 
-2098864832L, 1536060481L, -120783602L, -1576117705L, -632682228L, 
-1731536227L, -2111305542L, 1262120691L, -1537200232L, -1291266887L, 
-1516716762L, 437282159L, 431414500L, -1114999147L, 1182500434L, 
1024375211L, 1575181552L, 398040113L, 146903102L, 1737598887L, 
-53625924L, -1627135603L, 1780270826L, 906963811L, 985449800L, 
1685496489L, 468440662L, 739442911L, 1126303124L, -2112160891L, 
-1981404542L, 1207608347L, 36030624L, 1813104673L, 965209966L, 
-395226857L, 888347244L, -646994819L, 1849561370L, 2141979603L, 
-54278408L, 551087257L, 1045576582L, 1348827215L, 11295300L, 
-1528972171L, 76995250L, 815409803L, -366469040L, -1407848431L, 
-623699298L, 235165319L, -932895460L, -1057152147L, -1997609142L, 
-1336412093L, -1504693080L, 1972286089L, 350153910L, -180433985L, 
1600183028L, 648132965L, -548366622L, -2112598789L, 2133156864L, 
453317633L, -115994162L, -1486768137L, -1215374388L, 442195549L, 
491932026L, -233174861L, 972885592L, 1471607929L, 2086988262L, 
-1500120273L, -16087132L, 1274409557L, 1133928210L, 558893931L, 
-921136208L, -606194703L, -1920740098L, -647989913L, 1838890620L, 
-436644531L, 659240874L, -2135345885L, -1322953720L, 338735721L, 
1450652438L, 2116159135L, -1036754860L, -1926666427L, -1951714494L, 
-1124833829L, 515682144L, -513781791L, -1374723026L, -1902670121L, 
1886735660L, 1342572605L, 1803334106L, 431783315L, -1411119688L, 
1067117657L, -1184315322L, -1822822897L, 2116642052L, -2041898955L, 
1922175858L, 1030249547L, -712198384L, -569743407L, -1117012130L, 
-413268921L, 281544668L, -1603242195L, -1488340982L, 1818944003L, 
554967912L, -1504402871L, 541895030L, 1802809727L, -1426811468L, 
-416676571L, 1141768098L, 886238907L, -238835008L, 874216385L, 
-1693718898L, -1446324809L, 436104844L, 719823389L, -1059763654L, 
-1983159693L, 240168216L, 1014813753L, -1695164762L, 1768509679L, 
325120612L, 1666526741L, 211941330L, 1327177003L, -698578320L, 
-443380815L, -752690754L, -1313537241L, -2109505220L, 1054509325L, 
-150837142L, 1420099299L, 670343880L, 233996841L, -34123818L, 
1039060063L, -2064024812L, -1575251195L, -913245182L, -1041766501L, 
-183347680L, -2077321311L, -828139282L, 1622379671L, 444743660L, 
393751549L, 292819610L, -243353773L, -1994718088L, 777301017L, 
312743174L, 1467753423L, -2146881596L, 780940277L, -1730278350L, 
-1130344949L, 2120224208L, 560897937L, 54600734L, 236810759L, 
1046850204L, -877688083L, -1869788982L, 916425667L, 1671352872L, 
-1459465719L, -955308490L, 1380472639L, -409268108L, 1735790821L, 
-380884894L, -664055685L, 293646720L, 1049731969L, 594443086L, 
1997124471L, -2074558132L, 1043310045L, -579794182L, 470711347L, 
-1340404776L, 1897559033L, 1577812838L, 1749706415L, -1317397212L, 
1869097429L, -1436659566L, -2010124565L, 1819230512L, -1130978447L, 
1314823806L, 776949991L, 1837532156L, 224885965L, 2046974250L, 
731023523L, -571821688L, 1367085545L, -1624494954L, -516337121L, 
-1775151660L, 481394373L, 2086110402L, -2003490469L, 468106464L, 
-868442271L, 1074040238L, 210061911L, 366604972L, -2088366147L, 
820261722L, -256724717L, -2094480584L, -590992423L, 113516998L, 
-2104747633L, -1056195964L, -379514955L, -533019406L, 1342308299L, 
727852176L, -570255535L, -2129442594L, -1610440761L, -469889700L, 
-2038800723L, 1165597066L, 1756755331L, 212877544L, 1566032329L, 
-169450762L, -8798977L, -2146153676L, -481960795L, 1741361442L, 
2124247611L, -719554496L, -1842902207L, -1761751026L, -1663151817L, 
962450444L, -2014090851L, -1545237574L, 1923306995L, 1847339672L, 
-984624199L, -496635866L, 1761164399L, -199882780L, -1678842475L, 
-443848366L, 1313767595L, 839956464L, -1465222351L, 871834430L, 
1290755751L, 572802748L, 1969238157L, 285936106L, 1061278307L, 
-775454648L, -1634901591L, -2032809642L, -1648257057L, -1063522156L, 
413870725L, -1665217150L, 45886235L, -369499232L, -246782175L, 
1727152750L, -3356649L, 87844204L, -1477463171L, 1519195162L, 
-1055364397L, 1221411320L, -89166951L, 310963846L, -1169567921L, 
-1141832380L, -1031165067L, 1902656946L, 1498247563L, -481100976L, 
998657809L, -878563938L, 2060291463L, 1414606876L, -728698259L, 
-2033276342L, 476979011L, 2064150440L, 1662316937L, 1502764982L, 
-2000100673L, -1625274892L, 1448700005L, 407550434L, -114732037L, 
-212402432L, 1184707329L, -1166416690L, 1762176759L, 1003333324L, 
-67965603L, 83020922L, 390721459L, 1460930904L, -925043847L, 
80026854L, -248131025L, -1242254684L, -727097003L, 1189691922L, 
-482946453L, -1912541520L, -1316089103L, 2024564734L, -883610521L, 
1390201212L, 1518642253L, -589530454L, -1988961245L, -1035268344L, 
1961259369L, -1045158378L, 1766301087L, -1896264876L, 1908971077L, 
-477702590L, -501420837L, 1980484192L, -350753055L, 1747760942L, 
1749681623L, 1265211436L, 1484068669L, -550587174L, -865082221L, 
1221099704L, -137335975L, 1924299590L, 1685406991L, -1418129404L, 
-2050619595L, 891713138L, -96296117L, 1827836432L, 565823185L, 
934138462L, 1010711367L, -1575021860L, 2041792045L, -716408054L, 
730335491L, -848863640L, 435806537L, 1590893686L, -1007302529L, 
796852404L, 2087760933L, 327885474L, -640748101L, -487569984L, 
867343041L, 312654222L, -381104969L, 1315453324L, 1307455773L, 
-1319580358L, 1405241715L, 969058328L, -880684231L, 1642662310L, 
1186998255L, -1848238748L, -984113899L, 389536466L, 1219028011L, 
-1493179024L, -1627297103L, -784438082L, 658553383L, 1919945788L, 
1620367373L, -1103713430L, -1008359965L, 775249352L, 340214057L, 
478626518L, -108305569L, 1275684372L, -1010187771L, -915431678L, 
-1737003365L, -1763938016L, 1902458529L, 678685678L, 868025239L, 
186747628L, 685128445L, -813099622L, 1014570579L, -1311080584L, 
65612569L, 604030982L, -1496417585L, -1973167420L, -1093262603L, 
-734695630L, 346133771L, 1325459664L, 945618577L, -638175458L, 
1108650247L, -1608010340L, -106866195L, 1907559370L, 801354435L, 
-494072536L, -1580822263L, 845715766L, 1187016255L, -604996748L, 
-783564827L, 843860834L, 1917736827L, -626504576L, -249052543L, 
-466071986L, -346117513L, -202535860L, -240831267L, 433556986L, 
835478323L, -1528297768L, -587304199L, 1452389990L, 1868053935L, 
-495302620L, -642148139L, 1597453202L, 1080341995L, 1674419248L, 
-121339279L, -1301466754L, -1636694041L, -1281487108L, -347026483L, 
1440324650L, 1750740899L, 1413901448L, 2087702761L, 604970902L, 
-1001592545L, 42746068L, 1785638341L, -2026297406L, 1468772443L, 
-483665952L, -68010399L, 1283973294L, 266715479L, 656686508L, 
1825775293L, -61065638L, -84666349L, 1925398072L, 247048921L, 
-483142458L, 1729458319L, 326198660L, -1183187275L, -1219155982L, 
1244284619L, -801243248L, -416287151L, -2026152994L, -1441737017L, 
-517269412L, -1743049299L, 1556241546L, -2099176317L, 1496939496L, 
-633667383L, -1055730186L, 1726534655L, 255112756L, -1867871323L, 
223228962L, -731416261L, -784395456L, -692278719L, 872063758L, 
-49657801L, 1864212236L, 450361501L, 1865354938L, 2066234611L, 
-414964328L, -854404423L, -8445146L, 817763183L, -1029623068L, 
1032803477L, -408466350L, 1277839275L, 1797919472L, 110582321L, 
1358476862L, 782833063L, 153539004L, 511213453L, 75844842L, -1332709021L, 
859716424L, 1830822057L, 621526102L, -11784481L, 2101468052L, 
-2122884731L, 363032706L, 286896667L, -1313210720L, -1031862751L, 
958961006L, 1787051799L, 1110552684L, 942391933L, -160950502L, 
-1314860589L, 977452280L, -939398503L, 755736966L, 1258956367L, 
-1050562492L, -2123261323L, 122003634L, -56838005L, -144058800L, 
